function [userCord]=userCordData()

%           X   Y   Z
userCord = [90	80	0
            10	79	0
            10	59	0
            58	7	0
            55	91	0
            78	99	0
            30	60	0
            3	98	3
            2	25	3
            82	50	3
            68	20	3
            54	78	3
            98	40	3
            49	49	6
            6	80	6
            99	60	6
            18	57	6
            48	92	6
            67	40	6
            60	10	6];